id,timestamp,model_name,dataset_type,classes,samples,TP,TN,FP,FN,Accuracy,Precision,Recall,F1-Score,ROC-AUC,PR-AUC,TPR,FNR,TNR,FPR
1,2026-09-05 12:30:54,nb15_aggregate,nb15,"Normal, Exploits, Generic, DoS, Fuzzers, Reconnaissance",102300,1529,18290,310,331,0.9687,0.8314,0.822,0.8267,0.9094,0.7018,0.822,0.178,0.9833,0.0167
2,2026-09-05 12:30:56,nb15_dos,nb15,"Normal, Exploits, Generic, DoS, Fuzzers, Reconnaissance",102300,1102,18483,117,758,0.9572,0.904,0.5925,0.7158,0.7992,0.5835,0.5925,0.4075,0.9937,0.0063
3,2026-09-05 12:30:57,nb15_exploits,nb15,"Normal, Exploits, Generic, DoS, Fuzzers, Reconnaissance",102300,730,18420,180,1130,0.936,0.8022,0.3925,0.5271,0.7311,0.4125,0.3925,0.6075,0.9903,0.0097
4,2026-09-05 12:30:59,nb15_fuzzers,nb15,"Normal, Exploits, Generic, DoS, Fuzzers, Reconnaissance",102300,555,17911,689,1305,0.9025,0.4461,0.2984,0.3576,0.7138,0.2533,0.2984,0.7016,0.963,0.037
5,2026-09-05 12:31:01,nb15_generic,nb15,"Normal, Exploits, Generic, DoS, Fuzzers, Reconnaissance",102300,1112,18591,9,748,0.963,0.992,0.5978,0.7461,0.799,0.6301,0.5978,0.4022,0.9995,0.0005
6,2026-09-05 12:31:03,nb15_reconnaissance,nb15,"Normal, Exploits, Generic, DoS, Fuzzers, Reconnaissance",102300,1224,18510,90,636,0.9645,0.9315,0.6581,0.7713,0.8299,0.6487,0.6581,0.3419,0.9952,0.0048
7,2026-09-05 12:31:06,injection_aggregate,nb15,"Normal, Exploits, Generic, DoS, Fuzzers, Reconnaissance",102300,1539,18325,275,321,0.9709,0.8484,0.8274,0.8378,0.9138,0.7208,0.8274,0.1726,0.9852,0.0148
