id,timestamp,model_name,dataset_type,classes,samples,TP,TN,FP,FN,Accuracy,Precision,Recall,F1-Score,ROC-AUC,PR-AUC,TPR,FNR,TNR,FPR
21,2026-07-17 08:23:30,nb15_stin_aggregate,nb15,"Normal, Exploits",102300,0,18600,0,1860,0.9091,0.0,0.0,0.0,0.5101,0.1043,0.0,1.0,1.0,0.0
22,2026-07-17 08:23:32,nb15_sat20_aggregate,nb15,"Normal, Exploits",102300,0,18600,0,1860,0.9091,0.0,0.0,0.0,0.509,0.1052,0.0,1.0,1.0,0.0
23,2026-07-17 08:23:34,nb15_ter20_aggregate,nb15,"Normal, Exploits",102300,0,18600,0,1860,0.9091,0.0,0.0,0.0,0.5087,0.1039,0.0,1.0,1.0,0.0
24,2026-07-17 08:23:35,nb15_sat20_syn_ddos,nb15,"Normal, Exploits",102300,0,18600,0,1860,0.9091,0.0,0.0,0.0,0.5,0.0909,0.0,1.0,1.0,0.0
25,2026-07-17 08:23:37,nb15_sat20_udp_ddos,nb15,"Normal, Exploits",102300,0,18600,0,1860,0.9091,0.0,0.0,0.0,0.5216,0.1288,0.0,1.0,1.0,0.0
26,2026-07-17 08:23:39,nb15_ter20_botnet,nb15,"Normal, Exploits",102300,0,18600,0,1860,0.9091,0.0,0.0,0.0,0.5157,0.1129,0.0,1.0,1.0,0.0
27,2026-07-17 08:23:40,nb15_ter20_ddos,nb15,"Normal, Exploits",102300,0,18600,0,1860,0.9091,0.0,0.0,0.0,0.5017,0.0926,0.0,1.0,1.0,0.0
28,2026-07-17 08:23:42,nb15_ter20_syn_ddos,nb15,"Normal, Exploits",102300,0,18600,0,1860,0.9091,0.0,0.0,0.0,0.5001,0.0909,0.0,1.0,1.0,0.0
29,2026-07-17 08:23:44,nb15_ter20_udp_ddos,nb15,"Normal, Exploits",102300,0,18600,0,1860,0.9091,0.0,0.0,0.0,0.5008,0.0924,0.0,1.0,1.0,0.0
30,2026-07-17 08:23:45,injection_aggregate,nb15,"Normal, Exploits",102300,1598,18422,178,262,0.9785,0.8998,0.8591,0.879,0.9824,0.9342,0.8591,0.1409,0.9904,0.0096
